203
100 1 0
300 1 0
500 1 0
900 1 0
1300 1 0
1500 1 0
1800 2 0
1880 2 1
1920 2 1
1960 2 1
2000 2 1
2040 2 1
2080 2 1
2080 1 2
2160 2 0
2300 1 0
2300 2 4
2300 3 4
2450 1 0
2450 2 4
2450 3 4
2600 1 0
2600 2 4
2600 3 4
2750 1 0
2750 2 4
2750 3 4
3000 4 1
3000 4 2
3000 2 1
3000 2 2
3300 2 0
3340 2 0
3380 2 1
3420 2 1
3460 2 2
3500 2 2
3540 2 3
3580 2 3
3680 2 3
3720 2 3
3820 2 3
3860 2 3
3960 2 3
4000 2 3
4100 2 3
4140 2 3
4180 2 2
4220 2 2
4260 2 1
4300 2 1
4340 2 0
4380 2 0
4500 1 0
4600 2 2
4600 3 2
4700 1 0
4800 2 2
4800 3 2
4900 1 0
5000 2 2
5000 3 2
5160 1 0
5300 2 0
5340 1 0
5380 1 0
5380 2 1
5420 1 0
5420 2 1
5460 1 0
5500 2 0
5540 1 0
5700 1 0
5800 3 2
5800 2 2
5900 1 0
6040 3 2
6040 2 2
6160 1 0
6280 1 0
6400 2 2
6400 3 2
6440 2 2
6440 3 2
6480 2 2
6480 3 2
6520 2 2
6520 3 2
6640 1 0
6760 1 0
6880 2 2
6880 3 2
6920 2 2
6920 3 2
6960 2 2
6960 3 2
7000 2 2
7000 3 2
7120 1 0
7240 1 0
7380 2 0
7420 2 0
7460 2 1
7500 2 1
7540 2 1
7580 2 1
7660 2 1
7740 2 1
7780 2 1
7820 2 1
7860 2 1
7860 1 2
7900 2 1
7940 2 1
7980 2 1
7980 1 2
8020 2 1
8060 2 1
8100 2 1
8180 2 1
8260 2 1
8300 2 0
8340 2 0
8380 1 0
8420 2 0
8460 2 0
8500 2 0
8540 2 1
8620 2 2
8700 2 3
8780 2 4
8860 2 7
8860 3 7
8860 2 3
8900 2 2
8900 2 7
8900 3 7
8940 2 2
8980 1 2
9020 2 2
9060 2 2
9100 1 2
9140 2 2
9180 2 2
9260 2 2
9300 2 2
9380 4 5
9380 4 4
9380 2 5
9380 2 4
9340 2 2
9380 2 2
9420 2 2
9460 2 2
9500 2 2
9540 1 2
9580 2 2
9620 2 2
9620 2 2
9660 1 3
9660 2 2
9700 2 2
9740 2 1
9740 1 2
9780 2 1
9820 2 1
9860 1 1
9900 2 1
9940 2 1
9980 1 2
9980 2 1
10020 2 1
10060 2 1
10100 2 1
10100 1 2
10140 2 0
10180 2 0
10220 1 0
10260 2 0
10300 2 0
10340 2 0
10340 4 2
10340 4 3
10340 2 2
10340 2 3
10380 2 0
10420 2 0
10460 2 0
10460 1 1
10600 1 0
10720 1 0
10900 1 0
10900 2 4
10900 3 4
11020 1 0
11020 2 4
11020 3 4
11140 2 3
11140 3 3
11260 1 0
11380 2 2
11380 3 2
11500 1 0